000111111111111111111111111111111111111
001000100000000000000000000000000000001
001001000000000000000000000000000000010
001001100000000000000000000000000000011
001010000000000000000000000000000000100
001010100000000000000000000000000000101
001011000000000000000000000000000000110
001011100000000000000000000000000000111
001100000000000000000000000000000001000
001100100000000000000000000000000001001
001101000000000000000000000000000001010
010000100000000000000000000000000001010
010001000000000000000000000000000001001
010001100000000000000000000000000001000
010010000000000000000000000000000000111
010010100000000000000000000000000000110
010011000000000000000000000000000000101
010011100000000000000000000000000000100
010100000000000000000000000000000000011
010100100000000000000000000000000000010
010101000000000000000000000000000000001
011000100010000000000000000000000000000
011001000100000000000000000000000000000
011001100110000000000000000000000000000
011010001000000000000000000000000000000
011010101010000000000000000000000000000
011011001100000000000000000000000000000
011011101110000000000000000000000000000
011100010000000000000000000000000000000
011100110010000000000000000000000000000
011101010100000000000000000000000000000
110000100010000000000000000000000000000
110001000100000000000000000000000000000
110001100110000000000000000000000000000
110010001000000000000000000000000000000
110010101010000000000000000000000000000
110011001100000000000000000000000000000
110011101110000000000000000000000000000
110100010000000000000000000000000000000
110100110010000000000000000000000000000
110101010100000000000000000000000000000
000000000000000000000000000000000000000
000000000000000000000000000000000000000
000000000000000000000000000000000000000
000000000000000000000000000000000000000
000000000000000000000000000000000000000
000000000000000000000000000000000000000
000000000000000000000000000000000000000
000000000000000000000000000000000000000
000000000000000000000000000000000000000
000000000000000000000000000000000000000
000000000000000000000000000000000000000
000000000000000000000000000000000000000
000000000000000000000000000000000000000
000000000000000000000000000000000000000
000000000000000000000000000000000000000
000000000000000000000000000000000000000
000000000000000000000000000000000000000
000000000000000000000000000000000000000
000000000000000000000000000000000000000
000000000000000000000000000000000000000
000000000000000000000000000000000000000
000000000000000000000000000000000000000
000000000000000000000000000000000000000